epoch:0 0.2423  0.5322  0.1721  0.0443  0.196  0.2866  0.2623  0.4356  0.4572  0.0803  0.3635  0.5315
epoch:1 0.4818  0.7402  0.5394  0.1164  0.3753  0.568  0.4096  0.5933  0.6044  0.1772  0.5071  0.6776
epoch:2 0.4884  0.7486  0.5442  0.1481  0.3896  0.5734  0.4127  0.6029  0.6151  0.235  0.5216  0.6822
epoch:3 0.5071  0.7637  0.5697  0.1346  0.4024  0.5951  0.4225  0.616  0.628  0.2319  0.5351  0.6978
epoch:4 0.4754  0.7342  0.5315  0.1406  0.4111  0.5552  0.4036  0.5969  0.6093  0.2593  0.5466  0.6617
epoch:5 0.5317  0.7806  0.5985  0.1493  0.4142  0.6236  0.4392  0.6349  0.6481  0.2448  0.5412  0.7243
epoch:6 0.5281  0.7753  0.5927  0.1661  0.4249  0.6164  0.4385  0.6379  0.6511  0.2854  0.5601  0.7172
epoch:7 0.5328  0.7778  0.5934  0.1592  0.4332  0.6215  0.44  0.6401  0.6533  0.2728  0.5692  0.7182
epoch:8 0.5312  0.7834  0.6015  0.1675  0.4255  0.6168  0.439  0.6374  0.651  0.2839  0.5559  0.7182
epoch:9 0.5448  0.7925  0.6136  0.1691  0.4378  0.633  0.4439  0.6465  0.6596  0.2739  0.5639  0.7291
epoch:10 0.5461  0.7899  0.6114  0.1692  0.4316  0.6332  0.4476  0.6485  0.6617  0.2872  0.5623  0.7315
epoch:11 0.5448  0.787  0.6093  0.1703  0.4377  0.6355  0.4472  0.6532  0.6675  0.3009  0.5737  0.7342
epoch:12 0.5424  0.7941  0.6114  0.1732  0.4324  0.6327  0.4456  0.6486  0.663  0.301  0.5638  0.7307
epoch:13 0.5466  0.7911  0.6142  0.1696  0.4342  0.6344  0.4448  0.6421  0.6546  0.2591  0.5574  0.7268
epoch:14 0.5562  0.7959  0.6235  0.1808  0.4363  0.6485  0.4552  0.6612  0.6741  0.2952  0.5664  0.7486
epoch:15 0.5317  0.7788  0.6032  0.172  0.4279  0.6217  0.4402  0.6401  0.6536  0.3131  0.5575  0.7201
epoch:16 0.5461  0.7906  0.6117  0.1656  0.4189  0.6404  0.4466  0.6482  0.6633  0.271  0.5529  0.7403
epoch:17 0.5576  0.8  0.6284  0.1823  0.4409  0.6479  0.4543  0.6585  0.6714  0.2946  0.5695  0.7432
epoch:18 0.5243  0.7704  0.5841  0.1783  0.4339  0.6116  0.4327  0.6367  0.6531  0.3249  0.5693  0.712
epoch:19 0.5513  0.7999  0.6223  0.1797  0.4326  0.6413  0.4513  0.6534  0.6685  0.2987  0.5646  0.7366
epoch:20 0.549  0.8  0.6219  0.1837  0.4395  0.6305  0.4469  0.6487  0.6617  0.3017  0.5596  0.7286
epoch:21 0.5553  0.7976  0.6195  0.1864  0.4414  0.6458  0.4549  0.657  0.6714  0.3127  0.5658  0.7413
epoch:22 0.5596  0.7964  0.6239  0.1889  0.4455  0.6521  0.4576  0.6622  0.6769  0.3109  0.5738  0.7483
epoch:23 0.5461  0.7902  0.6077  0.1754  0.4408  0.6372  0.4485  0.6501  0.6653  0.3175  0.5651  0.7317
epoch:24 0.5301  0.778  0.5959  0.1915  0.4342  0.6179  0.4376  0.6414  0.6571  0.3286  0.5715  0.717
epoch:25 0.5526  0.7939  0.6159  0.185  0.4444  0.6466  0.4503  0.6567  0.6705  0.3208  0.5746  0.7396
epoch:26 0.5494  0.7873  0.6072  0.1694  0.4347  0.6462  0.4537  0.6566  0.6705  0.3087  0.558  0.7426
epoch:27 0.5426  0.7844  0.6091  0.1847  0.4418  0.6301  0.4471  0.6514  0.666  0.3244  0.5735  0.7304
epoch:28 0.5564  0.7973  0.6201  0.1843  0.4329  0.6524  0.4551  0.6584  0.6722  0.3025  0.5563  0.7461
epoch:29 0.53  0.7747  0.5941  0.1763  0.4367  0.6204  0.4379  0.6407  0.6566  0.3341  0.5709  0.7146
epoch:30 0.5612  0.7995  0.6246  0.1811  0.436  0.6533  0.4547  0.6561  0.6688  0.3027  0.5596  0.7436
epoch:31 0.5521  0.7959  0.6189  0.1823  0.4361  0.6428  0.452  0.6535  0.667  0.2933  0.5586  0.7412
epoch:32 0.545  0.7877  0.6074  0.1861  0.4441  0.6351  0.4467  0.6498  0.665  0.3244  0.5755  0.7279
epoch:33 0.5572  0.7994  0.624  0.1824  0.438  0.6491  0.4518  0.6548  0.6695  0.3125  0.5707  0.7392
epoch:34 0.5487  0.789  0.6105  0.1777  0.4371  0.6396  0.4511  0.6523  0.6666  0.3162  0.5649  0.7329
epoch:35 0.5554  0.7963  0.6211  0.1819  0.4386  0.6443  0.454  0.6567  0.6701  0.3016  0.5671  0.7414
epoch:36 0.5491  0.7928  0.619  0.1842  0.4339  0.639  0.4487  0.6514  0.6654  0.3191  0.5665  0.7301
epoch:37 0.5651  0.799  0.6275  0.177  0.4378  0.6635  0.4598  0.6629  0.6776  0.313  0.566  0.7516
epoch:38 0.5575  0.7961  0.6192  0.1786  0.4352  0.6507  0.4572  0.6584  0.6714  0.3032  0.5597  0.7441
epoch:39 0.5577  0.7968  0.6171  0.1744  0.4359  0.6503  0.4538  0.6567  0.6706  0.3022  0.5613  0.7435
epoch:40 0.5623  0.803  0.6243  0.1798  0.4411  0.6552  0.4592  0.6618  0.6747  0.3083  0.5657  0.7494
epoch:41 0.56  0.7967  0.6268  0.1887  0.442  0.6504  0.4553  0.658  0.6716  0.321  0.5634  0.7438
epoch:42 0.5438  0.7843  0.6039  0.1775  0.4392  0.6286  0.4458  0.6469  0.662  0.3295  0.5693  0.7208
epoch:43 0.5467  0.7814  0.6043  0.1894  0.4329  0.6376  0.4475  0.6508  0.6644  0.3362  0.5542  0.7308
epoch:44 0.5333  0.7698  0.5983  0.2  0.4389  0.6201  0.4383  0.6393  0.6549  0.3471  0.5673  0.714
epoch:45 0.5519  0.798  0.6201  0.17  0.4351  0.6408  0.4497  0.6497  0.6635  0.2909  0.5619  0.7318
epoch:46 0.5363  0.7744  0.5977  0.1903  0.4357  0.6252  0.4415  0.6463  0.6607  0.3488  0.5657  0.7212
epoch:47 0.5546  0.7905  0.6188  0.1764  0.4219  0.649  0.454  0.6519  0.6643  0.2789  0.5389  0.7439
epoch:48 0.548  0.7856  0.6092  0.1825  0.4346  0.64  0.4475  0.6526  0.6682  0.3155  0.5686  0.7332
epoch:49 0.5573  0.7989  0.6176  0.1804  0.4211  0.6536  0.4523  0.6561  0.6703  0.3199  0.5491  0.7449
epoch:50 0.5569  0.7949  0.6213  0.1888  0.4374  0.6502  0.4528  0.6562  0.6695  0.3141  0.5694  0.7382
epoch:51 0.5545  0.7931  0.6184  0.1871  0.4319  0.6474  0.4541  0.6545  0.6681  0.3116  0.5544  0.7403
epoch:52 0.5275  0.7778  0.592  0.1752  0.4285  0.6183  0.4352  0.6327  0.6475  0.3436  0.5622  0.7045
epoch:53 0.5634  0.7973  0.6299  0.1819  0.4274  0.6597  0.4606  0.6589  0.6722  0.3077  0.5536  0.7484
epoch:54 0.5546  0.7906  0.6213  0.1897  0.433  0.6482  0.4545  0.6555  0.6675  0.3169  0.5596  0.7389
epoch:55 0.5485  0.7873  0.6075  0.1927  0.4408  0.6398  0.449  0.6523  0.6666  0.3369  0.5739  0.7305
epoch:56 0.5595  0.795  0.6233  0.1906  0.4351  0.6483  0.456  0.653  0.6652  0.3091  0.5592  0.7351
epoch:57 0.5629  0.7973  0.6232  0.1888  0.4364  0.656  0.4575  0.6593  0.6734  0.323  0.5577  0.7422
epoch:58 0.5559  0.7921  0.6199  0.1918  0.4394  0.6453  0.4516  0.6535  0.6675  0.3138  0.5709  0.7342
epoch:59 0.5601  0.7905  0.6163  0.1837  0.431  0.6582  0.4591  0.6604  0.6743  0.3155  0.5554  0.7472
epoch:60 0.5538  0.7856  0.6149  0.1871  0.4397  0.6489  0.4526  0.6544  0.6677  0.3166  0.5621  0.7387
epoch:61 0.5626  0.7953  0.6299  0.1842  0.4194  0.659  0.4589  0.6578  0.6696  0.3022  0.5418  0.748
epoch:62 0.5122  0.7432  0.5682  0.1945  0.4285  0.6033  0.424  0.6239  0.6386  0.3299  0.5651  0.6928
epoch:63 0.5566  0.7937  0.6198  0.1973  0.4306  0.6487  0.455  0.6535  0.6661  0.3155  0.547  0.737
epoch:64 0.5421  0.7742  0.5999  0.2  0.4304  0.6354  0.4482  0.6488  0.6633  0.3419  0.5539  0.729
epoch:65 0.5445  0.7782  0.6053  0.1956  0.4268  0.6357  0.4469  0.6481  0.662  0.3436  0.5587  0.7268
epoch:66 0.5553  0.7911  0.6207  0.1889  0.4284  0.6496  0.4546  0.6567  0.6689  0.325  0.5562  0.7403
epoch:67 0.5565  0.7895  0.6204  0.1845  0.4213  0.6523  0.454  0.6545  0.6669  0.3088  0.5479  0.7425
epoch:68 0.5242  0.7586  0.5814  0.1788  0.4212  0.6192  0.4369  0.6324  0.6455  0.3319  0.5517  0.707
epoch:69 0.5623  0.7959  0.6236  0.1881  0.4252  0.6574  0.4585  0.6582  0.6699  0.2978  0.5488  0.7466
epoch:70 0.5595  0.7899  0.6216  0.1826  0.4214  0.6546  0.4573  0.6567  0.6686  0.3143  0.547  0.7432
epoch:71 0.5602  0.7897  0.6203  0.1859  0.422  0.654  0.4581  0.6557  0.6677  0.3137  0.552  0.7417
epoch:72 0.5569  0.788  0.6184  0.1859  0.4199  0.6528  0.4556  0.6534  0.6656  0.313  0.5483  0.7394
epoch:73 0.5542  0.7862  0.6164  0.188  0.421  0.6489  0.4526  0.6496  0.662  0.3137  0.5505  0.733
epoch:74 0.5529  0.7847  0.6139  0.1947  0.4345  0.6425  0.4549  0.6519  0.6639  0.3384  0.5575  0.7286
epoch:75 0.5559  0.7869  0.6171  0.1699  0.416  0.6513  0.4564  0.6485  0.6596  0.2698  0.5361  0.739
epoch:76 0.5545  0.7915  0.6174  0.1779  0.4325  0.6471  0.4536  0.6528  0.6659  0.2976  0.5575  0.7386
epoch:77 0.5451  0.7753  0.6034  0.1977  0.4221  0.6411  0.4486  0.6445  0.6588  0.3368  0.5487  0.7265
epoch:78 0.5395  0.7686  0.5961  0.1976  0.4283  0.6339  0.4457  0.6398  0.6527  0.3438  0.5482  0.7175
epoch:79 0.5403  0.7688  0.6011  0.1957  0.4294  0.6335  0.4455  0.6415  0.6551  0.328  0.5544  0.7182
epoch:80 0.5608  0.7889  0.6199  0.1888  0.4187  0.6536  0.4578  0.6538  0.6652  0.3036  0.5365  0.7399
epoch:81 0.5506  0.7786  0.611  0.1879  0.4269  0.6467  0.4512  0.6468  0.6592  0.3159  0.5481  0.7277
epoch:82 0.5267  0.7536  0.5822  0.2022  0.4277  0.6128  0.4337  0.6284  0.6408  0.3346  0.555  0.6977
epoch:83 0.5407  0.7703  0.6055  0.1935  0.4327  0.6271  0.4436  0.6381  0.6489  0.3275  0.5505  0.7113
epoch:84 0.5529  0.7825  0.6132  0.198  0.4298  0.6444  0.4526  0.6518  0.6649  0.3377  0.5581  0.7316
epoch:85 0.554  0.7818  0.6133  0.1862  0.43  0.6481  0.457  0.6532  0.6662  0.321  0.5572  0.7343
epoch:86 0.5472  0.7787  0.6068  0.1922  0.4269  0.6382  0.4473  0.6455  0.6582  0.3295  0.5529  0.724
epoch:87 0.5582  0.7868  0.6234  0.1913  0.424  0.6521  0.4543  0.6537  0.666  0.3153  0.5462  0.7385
epoch:88 0.5519  0.7851  0.6137  0.1746  0.4176  0.6489  0.4519  0.6461  0.6585  0.2916  0.5392  0.7362
epoch:89 0.5411  0.7676  0.6003  0.1942  0.4259  0.6376  0.4494  0.6444  0.6565  0.3206  0.5513  0.7243
epoch:90 0.5623  0.7916  0.6234  0.1817  0.4225  0.66  0.4596  0.6553  0.6671  0.3018  0.5405  0.7434
epoch:91 0.544  0.7721  0.6019  0.1856  0.4204  0.641  0.4479  0.6448  0.6579  0.328  0.5474  0.7251
epoch:92 0.5457  0.7749  0.6009  0.1934  0.4244  0.644  0.4493  0.6461  0.6587  0.3382  0.5471  0.7264
epoch:93 0.563  0.7941  0.6235  0.1857  0.4188  0.6638  0.4606  0.6572  0.669  0.3028  0.5395  0.7492
epoch:94 0.5529  0.7779  0.6082  0.1928  0.4318  0.6479  0.4545  0.6519  0.6644  0.322  0.557  0.7319
epoch:95 0.5631  0.7909  0.6219  0.1917  0.4312  0.6599  0.4602  0.6586  0.6705  0.3102  0.5471  0.7473
epoch:96 0.5562  0.7805  0.6152  0.1961  0.4274  0.6523  0.4564  0.6523  0.6642  0.3207  0.5489  0.7373
epoch:97 0.5504  0.7757  0.6132  0.206  0.4276  0.6411  0.4494  0.6444  0.6568  0.3263  0.5489  0.7246
epoch:98 0.5617  0.7919  0.6222  0.197  0.4265  0.6582  0.459  0.6558  0.6677  0.3013  0.5418  0.7453
epoch:99 0.5298  0.7551  0.5874  0.1898  0.4249  0.6242  0.4376  0.6343  0.6482  0.3456  0.5561  0.7073
epoch:100 0.5554  0.7818  0.6169  0.1867  0.4254  0.6521  0.4555  0.6493  0.6613  0.3067  0.5469  0.7349
epoch:101 0.5647  0.7887  0.6232  0.1918  0.4224  0.6624  0.4604  0.6559  0.6675  0.3054  0.5449  0.7445
epoch:102 0.5614  0.7854  0.6209  0.1985  0.4315  0.6588  0.4575  0.6533  0.6652  0.3257  0.5517  0.7395
epoch:103 0.56  0.7866  0.6197  0.1974  0.4236  0.6577  0.4588  0.6565  0.6684  0.3255  0.5443  0.744
epoch:104 0.5636  0.7885  0.6224  0.193  0.4214  0.6608  0.4604  0.6554  0.6668  0.2994  0.5399  0.7463
epoch:105 0.5616  0.7868  0.6185  0.1906  0.4218  0.6605  0.4611  0.6582  0.67  0.303  0.5454  0.7473
epoch:106 0.5604  0.7837  0.6189  0.1959  0.4265  0.6573  0.456  0.653  0.6644  0.3042  0.5425  0.7435
epoch:107 0.566  0.7878  0.6225  0.1921  0.4314  0.6638  0.4635  0.66  0.6716  0.3149  0.5446  0.749
epoch:108 0.5267  0.7464  0.5806  0.1944  0.419  0.6206  0.4363  0.6291  0.6427  0.3477  0.542  0.7035
epoch:109 0.5571  0.7783  0.6166  0.2082  0.4268  0.6541  0.4565  0.6549  0.6667  0.3392  0.5474  0.7381
epoch:110 0.5481  0.7728  0.6044  0.1912  0.4337  0.6447  0.4491  0.6448  0.6564  0.3292  0.5548  0.7255
epoch:111 0.5686  0.7901  0.6275  0.1997  0.4386  0.6616  0.4637  0.6598  0.6703  0.3115  0.5494  0.7469
epoch:112 0.5631  0.7877  0.6193  0.1939  0.4335  0.6589  0.4588  0.6562  0.6669  0.3099  0.5492  0.742
epoch:113 0.5555  0.7786  0.6143  0.2045  0.4308  0.6497  0.4534  0.6491  0.6604  0.3326  0.544  0.7305
epoch:114 0.5586  0.7819  0.6178  0.2009  0.4313  0.6537  0.4582  0.653  0.6649  0.3212  0.5525  0.7379
epoch:115 0.5618  0.7861  0.6193  0.2065  0.4297  0.6579  0.4594  0.6562  0.6671  0.3183  0.548  0.7415
epoch:116 0.569  0.7898  0.6309  0.1976  0.427  0.6641  0.462  0.6587  0.6694  0.3049  0.5425  0.7458
epoch:117 0.5519  0.7752  0.6087  0.1909  0.4295  0.6514  0.455  0.6511  0.663  0.3184  0.5501  0.7347
epoch:118 0.5602  0.7814  0.6173  0.1992  0.4283  0.6589  0.461  0.6575  0.6679  0.3108  0.5432  0.7451
epoch:119 0.5662  0.7871  0.6228  0.2005  0.4224  0.6647  0.4642  0.659  0.669  0.3044  0.5388  0.7504
epoch:120 0.5632  0.787  0.6214  0.1933  0.4253  0.6635  0.462  0.6587  0.6698  0.3131  0.5443  0.749
epoch:121 0.5608  0.7822  0.6188  0.1777  0.419  0.6596  0.4603  0.6541  0.6647  0.2918  0.5354  0.7469
epoch:122 0.5647  0.7843  0.6199  0.1983  0.4303  0.6642  0.4613  0.6583  0.6695  0.3179  0.5504  0.7468
epoch:123 0.5636  0.7848  0.6221  0.1914  0.4264  0.6638  0.4612  0.6566  0.6661  0.2973  0.5405  0.7474
epoch:124 0.5644  0.7863  0.6205  0.1905  0.425  0.6644  0.4634  0.6574  0.6678  0.2902  0.5412  0.7487
epoch:125 0.5686  0.7888  0.6288  0.198  0.433  0.6667  0.4622  0.661  0.6723  0.3055  0.5561  0.7486
epoch:126 0.5564  0.7781  0.6129  0.2013  0.4303  0.6541  0.456  0.6525  0.6635  0.3248  0.5474  0.7368
epoch:127 0.5126  0.7308  0.5672  0.1949  0.42  0.6099  0.4287  0.6204  0.632  0.3417  0.5416  0.6896
epoch:128 0.5598  0.7785  0.6168  0.1981  0.4281  0.6586  0.4598  0.6552  0.6648  0.3118  0.5428  0.7425
epoch:129 0.5416  0.7583  0.5973  0.1955  0.4326  0.6358  0.4466  0.6374  0.6481  0.3269  0.5488  0.7124
epoch:130 0.5673  0.7858  0.6274  0.1959  0.4228  0.6677  0.4635  0.66  0.6702  0.3101  0.5404  0.7508
epoch:131 0.5627  0.7814  0.6197  0.1785  0.4214  0.6624  0.4599  0.6552  0.6655  0.2915  0.533  0.7466
epoch:132 0.5621  0.7793  0.6179  0.1982  0.4291  0.6581  0.4584  0.6536  0.6651  0.3228  0.5449  0.7366
epoch:133 0.5689  0.7857  0.6282  0.2053  0.436  0.6663  0.4658  0.6618  0.6722  0.32  0.5496  0.7487
epoch:134 0.5458  0.7629  0.6019  0.1959  0.4286  0.6415  0.4498  0.6447  0.6558  0.3183  0.5457  0.7241
epoch:135 0.5672  0.7873  0.6261  0.1998  0.4287  0.6646  0.4629  0.6585  0.6692  0.3121  0.5448  0.7474
epoch:136 0.5468  0.7601  0.6016  0.1876  0.4275  0.6449  0.451  0.6435  0.6545  0.3057  0.548  0.7254
epoch:137 0.5401  0.7539  0.5947  0.2015  0.4294  0.634  0.4458  0.6387  0.6505  0.3273  0.5496  0.7127
epoch:138 0.5518  0.7702  0.6085  0.1991  0.4248  0.6487  0.4526  0.6453  0.6563  0.3225  0.5424  0.7262
epoch:139 0.5652  0.7835  0.6215  0.1992  0.4258  0.6635  0.4613  0.6559  0.6678  0.3121  0.5459  0.7426
epoch:140 0.5642  0.786  0.6201  0.1911  0.4265  0.6621  0.4625  0.6584  0.6694  0.3079  0.5399  0.7484
epoch:141 0.5624  0.7773  0.618  0.2072  0.4298  0.659  0.4597  0.6525  0.6633  0.3276  0.5411  0.7373
epoch:142 0.5612  0.779  0.6168  0.2045  0.4295  0.6567  0.4586  0.6535  0.6645  0.3266  0.5429  0.7367
epoch:143 0.5689  0.7844  0.627  0.1971  0.425  0.668  0.4644  0.6585  0.6686  0.3041  0.5397  0.748
epoch:144 0.5512  0.7657  0.6059  0.2021  0.4302  0.6468  0.4525  0.6465  0.6576  0.3238  0.5456  0.7277
epoch:145 0.5442  0.7591  0.5977  0.2057  0.4244  0.6402  0.4482  0.6395  0.6507  0.3281  0.5404  0.7191
epoch:146 0.5584  0.7756  0.6115  0.2031  0.4305  0.6555  0.4585  0.6535  0.6646  0.3182  0.5484  0.7361
epoch:147 0.5664  0.7834  0.6213  0.2011  0.4299  0.6644  0.4622  0.6587  0.6696  0.3088  0.545  0.7463
epoch:148 0.5609  0.7774  0.6175  0.2052  0.4283  0.6594  0.4591  0.6555  0.6667  0.3313  0.5487  0.739
epoch:149 0.5667  0.7822  0.6227  0.2005  0.4237  0.6649  0.4639  0.6574  0.6671  0.2981  0.5345  0.7468
epoch:150 0.5611  0.7752  0.6171  0.1985  0.4267  0.6595  0.4591  0.6534  0.6651  0.3248  0.5441  0.7375
epoch:151 0.567  0.7838  0.6254  0.1925  0.4248  0.6627  0.4635  0.6583  0.6685  0.2967  0.5376  0.7463
epoch:152 0.5667  0.7838  0.6235  0.1936  0.4246  0.6673  0.4645  0.6587  0.6688  0.2961  0.5352  0.7498
epoch:153 0.5426  0.7561  0.5972  0.2027  0.4315  0.6379  0.4481  0.6417  0.6532  0.3285  0.5507  0.7175
epoch:154 0.5618  0.7792  0.6175  0.1874  0.4266  0.6608  0.4612  0.656  0.6663  0.2964  0.5398  0.7455
epoch:155 0.5666  0.7811  0.6237  0.202  0.4242  0.6666  0.4633  0.6561  0.6664  0.3143  0.5346  0.7455
epoch:156 0.5555  0.7695  0.6095  0.1986  0.4259  0.6526  0.4553  0.6471  0.658  0.3141  0.5426  0.7304
epoch:157 0.5645  0.7789  0.6231  0.202  0.4297  0.6634  0.4606  0.6562  0.6666  0.3167  0.5427  0.7423
epoch:158 0.5579  0.7741  0.6142  0.2011  0.427  0.6585  0.4579  0.6535  0.664  0.3133  0.5426  0.7386
epoch:159 0.5646  0.7818  0.6185  0.1984  0.4299  0.6641  0.4634  0.6579  0.6684  0.3054  0.5438  0.7453
epoch:160 0.5279  0.7421  0.5769  0.194  0.4261  0.6221  0.4359  0.6261  0.6377  0.3243  0.5415  0.6991
epoch:161 0.5651  0.7811  0.6212  0.1899  0.4177  0.6653  0.4621  0.6534  0.6633  0.2893  0.5252  0.7477
epoch:162 0.5601  0.7758  0.6149  0.2032  0.4276  0.6606  0.4591  0.6553  0.6667  0.3239  0.5441  0.741
epoch:163 0.5643  0.7793  0.6175  0.2032  0.4262  0.6639  0.4622  0.6576  0.6678  0.3183  0.5442  0.7434
epoch:164 0.5629  0.7764  0.6169  0.2047  0.4265  0.6626  0.4609  0.6539  0.6646  0.3129  0.5391  0.7405
epoch:165 0.5712  0.7862  0.6274  0.1969  0.4273  0.672  0.4653  0.6613  0.6718  0.3031  0.5389  0.7527
epoch:166 0.5655  0.7823  0.6195  0.1869  0.4161  0.6659  0.4617  0.6544  0.6647  0.2861  0.5244  0.7479
epoch:167 0.5488  0.7629  0.6029  0.202  0.4279  0.6443  0.4519  0.6444  0.6557  0.3256  0.546  0.7226
epoch:168 0.5496  0.7623  0.6034  0.2057  0.4301  0.6457  0.4526  0.6444  0.6554  0.3292  0.5427  0.7249
epoch:169 0.5673  0.7818  0.621  0.1831  0.4262  0.6675  0.464  0.6574  0.6671  0.2877  0.5338  0.7491
epoch:170 0.5497  0.762  0.6026  0.2007  0.4285  0.6467  0.4528  0.6459  0.6573  0.3268  0.5491  0.7253
epoch:171 0.5578  0.7715  0.6105  0.1982  0.4226  0.6566  0.4564  0.6501  0.6609  0.3149  0.5336  0.7356
epoch:172 0.5654  0.7807  0.6204  0.1948  0.4217  0.6661  0.4637  0.6559  0.6662  0.304  0.5288  0.7487
epoch:173 0.5644  0.777  0.6219  0.2026  0.4321  0.6616  0.461  0.6562  0.6668  0.3138  0.5462  0.7412
epoch:174 0.5454  0.7575  0.5983  0.207  0.4274  0.6401  0.4482  0.6398  0.6511  0.3282  0.5439  0.7184
epoch:175 0.5648  0.7805  0.6209  0.1913  0.4205  0.6651  0.4631  0.6559  0.6662  0.2933  0.5309  0.7472
epoch:176 0.5679  0.7824  0.6242  0.2091  0.4326  0.6668  0.4647  0.6597  0.6713  0.3211  0.5472  0.7486
epoch:177 0.5566  0.7677  0.6108  0.2073  0.4305  0.6546  0.458  0.6507  0.6613  0.3231  0.548  0.7314
epoch:178 0.5689  0.7831  0.6227  0.2012  0.4293  0.6685  0.4648  0.6605  0.6713  0.3124  0.5433  0.7491
epoch:179 0.5615  0.7748  0.6141  0.2049  0.4285  0.6609  0.4609  0.6557  0.6669  0.3204  0.5475  0.741
epoch:180 0.5667  0.7804  0.6208  0.1987  0.4249  0.6675  0.4631  0.6589  0.6692  0.3077  0.5371  0.7485
epoch:181 0.5484  0.7604  0.604  0.205  0.4264  0.6462  0.4502  0.6445  0.656  0.3249  0.5473  0.7233
epoch:182 0.5473  0.7601  0.602  0.2044  0.4262  0.6461  0.4517  0.6429  0.6543  0.3202  0.5399  0.7236
epoch:183 0.5423  0.7544  0.5944  0.2017  0.4305  0.6397  0.4481  0.6423  0.6536  0.3243  0.5538  0.7197
epoch:184 0.5637  0.7788  0.6182  0.1801  0.4188  0.6646  0.4628  0.6566  0.6669  0.282  0.5299  0.75
epoch:185 0.5564  0.7684  0.6117  0.2032  0.4266  0.6552  0.4576  0.6481  0.6588  0.319  0.5349  0.7318
epoch:186 0.5631  0.7757  0.6175  0.2038  0.4275  0.6631  0.4611  0.6565  0.6669  0.3113  0.5429  0.7428
epoch:187 0.5512  0.7627  0.606  0.2061  0.431  0.6468  0.4523  0.6444  0.6558  0.3235  0.5469  0.7231
epoch:188 0.5665  0.7789  0.62  0.2081  0.433  0.6648  0.4644  0.658  0.6683  0.3187  0.547  0.7437
epoch:189 0.5556  0.7659  0.6086  0.2049  0.4303  0.6545  0.4563  0.6498  0.6604  0.3241  0.5433  0.7317
epoch:190 0.5689  0.7829  0.6239  0.2004  0.4303  0.6689  0.4651  0.6613  0.6713  0.3031  0.5422  0.7498
epoch:191 0.5583  0.7693  0.6122  0.2001  0.4308  0.6555  0.4575  0.6504  0.661  0.3178  0.5411  0.7342
epoch:192 0.5611  0.7738  0.6152  0.2045  0.4301  0.6598  0.4596  0.6537  0.6641  0.3184  0.5429  0.7373
epoch:193 0.5491  0.7613  0.602  0.2052  0.4254  0.6481  0.4536  0.6446  0.6555  0.3233  0.5404  0.7254
epoch:194 0.5675  0.7808  0.6209  0.201  0.4276  0.6691  0.4646  0.6585  0.6686  0.3097  0.536  0.7489
epoch:195 0.5672  0.7805  0.6219  0.2024  0.4303  0.6666  0.4638  0.6576  0.6686  0.3202  0.5416  0.7456
epoch:196 0.5694  0.7832  0.6232  0.1967  0.4263  0.6704  0.4669  0.6612  0.6711  0.2976  0.5356  0.7531
epoch:197 0.5632  0.7741  0.6188  0.2053  0.435  0.6603  0.4623  0.6542  0.6649  0.3158  0.5465  0.739
epoch:198 0.5649  0.7766  0.6193  0.2032  0.4277  0.6643  0.4614  0.6564  0.6669  0.3179  0.5405  0.7438
epoch:199 0.534  0.744  0.5838  0.203  0.4287  0.6272  0.4422  0.6308  0.6417  0.3226  0.5439  0.705
