epoch:0 0.2459  0.5491  0.1755  0.0396  0.2034  0.296  0.253  0.4149  0.4373  0.1256  0.3954  0.4732
epoch:1 0.5019  0.7567  0.5628  0.1079  0.3728  0.5955  0.421  0.6089  0.6207  0.1746  0.499  0.7014
epoch:2 0.5255  0.773  0.5921  0.1286  0.399  0.6182  0.4342  0.6312  0.6435  0.213  0.5301  0.7237
epoch:3 0.5224  0.776  0.5862  0.1555  0.4059  0.6114  0.434  0.6328  0.6451  0.2463  0.541  0.7174
epoch:4 0.4986  0.7698  0.5598  0.1528  0.3998  0.5821  0.4181  0.6103  0.624  0.2631  0.5393  0.6821
epoch:5 0.5361  0.7855  0.6041  0.1594  0.4249  0.6216  0.4411  0.6411  0.6548  0.2721  0.5562  0.7218
epoch:6 0.5464  0.7896  0.6079  0.1554  0.4289  0.6351  0.4487  0.6499  0.6633  0.2606  0.5616  0.7365
epoch:7 0.5432  0.7915  0.6119  0.1586  0.4293  0.628  0.4441  0.6473  0.6601  0.2679  0.562  0.7267
epoch:8 0.5412  0.7868  0.6067  0.1557  0.4229  0.6336  0.4446  0.6447  0.6589  0.2662  0.5569  0.7283
epoch:9 0.5432  0.7921  0.6165  0.1632  0.4376  0.6295  0.4447  0.6473  0.6619  0.2679  0.5653  0.731
epoch:10 0.553  0.7987  0.6163  0.1664  0.4251  0.6422  0.4512  0.6502  0.6643  0.267  0.5508  0.738
epoch:11 0.5427  0.7902  0.6045  0.1666  0.4204  0.6305  0.445  0.6433  0.6561  0.2614  0.5426  0.7303
epoch:12 0.5429  0.7914  0.6127  0.1695  0.4284  0.6348  0.4448  0.6464  0.6601  0.2761  0.5579  0.7311
epoch:13 0.5367  0.7852  0.6006  0.1758  0.4346  0.6248  0.4416  0.6458  0.6601  0.3042  0.5597  0.7264
epoch:14 0.533  0.7832  0.5956  0.1906  0.4291  0.6212  0.4404  0.6452  0.6594  0.3165  0.5646  0.7236
epoch:15 0.5395  0.7896  0.6068  0.1854  0.4385  0.6252  0.4446  0.6475  0.6615  0.315  0.5722  0.7215
epoch:16 0.5266  0.7917  0.5956  0.1725  0.4089  0.6136  0.4359  0.6359  0.6491  0.3024  0.5481  0.7134
epoch:17 0.554  0.7975  0.6188  0.1678  0.4307  0.6419  0.4518  0.6506  0.6639  0.2841  0.5558  0.7367
epoch:18 0.5023  0.7501  0.5566  0.1743  0.4228  0.592  0.4194  0.6241  0.6385  0.3199  0.5603  0.6965
epoch:19 0.537  0.7947  0.6056  0.1799  0.4151  0.6291  0.4439  0.6432  0.6565  0.3083  0.5439  0.728
epoch:20 0.5591  0.7983  0.6208  0.1882  0.4352  0.6497  0.4539  0.6565  0.6708  0.3043  0.5655  0.7422
epoch:21 0.5586  0.7984  0.6228  0.1755  0.4296  0.6522  0.4539  0.6551  0.6692  0.2982  0.5519  0.7443
epoch:22 0.5524  0.7993  0.6256  0.1859  0.438  0.6386  0.4499  0.6511  0.6647  0.2947  0.5627  0.7346
epoch:23 0.5676  0.8031  0.6274  0.1803  0.4403  0.6611  0.4619  0.6646  0.6784  0.3095  0.5684  0.7507
epoch:24 0.5589  0.8014  0.6259  0.1703  0.4374  0.6498  0.4556  0.6563  0.6697  0.2845  0.5645  0.7425
epoch:25 0.5543  0.8027  0.6229  0.1664  0.4349  0.6448  0.448  0.6468  0.66  0.2863  0.5559  0.7338
epoch:26 0.5459  0.7964  0.6211  0.1646  0.4267  0.6339  0.444  0.6456  0.6595  0.2892  0.5545  0.7297
epoch:27 0.5522  0.791  0.6178  0.1854  0.4337  0.6442  0.4501  0.6528  0.6664  0.3043  0.56  0.7371
epoch:28 0.5126  0.7467  0.5732  0.17  0.4293  0.6057  0.4345  0.6363  0.6499  0.3291  0.5663  0.7086
epoch:29 0.5582  0.7961  0.6219  0.1867  0.4352  0.6495  0.4578  0.6619  0.6747  0.3195  0.556  0.7461
epoch:30 0.5543  0.7917  0.6167  0.1843  0.4361  0.6479  0.4558  0.6576  0.6719  0.3097  0.5631  0.741
epoch:31 0.5393  0.781  0.6012  0.1846  0.4398  0.6266  0.4449  0.6479  0.6624  0.3289  0.5676  0.7236
epoch:32 0.5557  0.7944  0.6214  0.1877  0.4331  0.6461  0.4542  0.6579  0.6717  0.3301  0.5621  0.7388
epoch:33 0.554  0.7911  0.6148  0.1931  0.4221  0.6474  0.4558  0.6596  0.6739  0.3307  0.5491  0.7449
epoch:34 0.5475  0.7814  0.6047  0.1942  0.438  0.6394  0.4505  0.6582  0.6718  0.3409  0.5678  0.7364
epoch:35 0.555  0.795  0.6227  0.1854  0.439  0.6445  0.4523  0.6538  0.6673  0.3053  0.5626  0.7372
epoch:36 0.5323  0.775  0.588  0.1909  0.4263  0.6227  0.4415  0.6404  0.6543  0.343  0.5596  0.7139
epoch:37 0.5446  0.7853  0.6077  0.1983  0.4346  0.634  0.4463  0.651  0.6652  0.3357  0.5643  0.731
epoch:38 0.5362  0.7809  0.5997  0.2025  0.4285  0.6208  0.4397  0.6423  0.6564  0.3436  0.555  0.7178
epoch:39 0.5389  0.7804  0.6024  0.2035  0.4328  0.6282  0.4418  0.6467  0.6603  0.3312  0.5623  0.7209
epoch:40 0.5525  0.7901  0.6132  0.1987  0.4366  0.6429  0.4529  0.6578  0.6719  0.3333  0.5686  0.7392
epoch:41 0.5458  0.7926  0.6163  0.185  0.4361  0.6276  0.4441  0.6428  0.6558  0.3209  0.5627  0.7177
epoch:42 0.5575  0.7902  0.6166  0.19  0.4285  0.652  0.4599  0.6579  0.6699  0.3029  0.5458  0.7461
epoch:43 0.5306  0.769  0.595  0.1999  0.4443  0.6138  0.4373  0.6384  0.6531  0.3438  0.5724  0.7077
epoch:44 0.5589  0.7935  0.6173  0.181  0.4325  0.651  0.4553  0.662  0.6749  0.3204  0.5593  0.746
epoch:45 0.5264  0.7667  0.5871  0.1889  0.4339  0.6118  0.4341  0.6398  0.6528  0.3386  0.5671  0.7096
epoch:46 0.5605  0.7956  0.6224  0.1941  0.43  0.6512  0.4554  0.6561  0.6698  0.3279  0.5546  0.7403
epoch:47 0.5352  0.7836  0.6035  0.1787  0.4303  0.6165  0.4406  0.6406  0.6543  0.334  0.5627  0.7136
epoch:48 0.5622  0.7971  0.6255  0.1882  0.4324  0.6541  0.4559  0.6562  0.6688  0.3114  0.5563  0.7415
epoch:49 0.5545  0.7928  0.6154  0.1908  0.4226  0.6496  0.4538  0.6559  0.6694  0.3199  0.5567  0.7398
epoch:50 0.5473  0.7853  0.6068  0.1894  0.434  0.6371  0.4514  0.6515  0.6645  0.328  0.5595  0.731
epoch:51 0.554  0.7877  0.6147  0.1814  0.4198  0.6517  0.455  0.6546  0.6677  0.3127  0.5441  0.7446
epoch:52 0.56  0.7949  0.6258  0.1853  0.431  0.6535  0.4577  0.6585  0.671  0.3116  0.5603  0.7457
epoch:53 0.5523  0.7917  0.6175  0.1922  0.4254  0.6412  0.4501  0.6481  0.66  0.3151  0.5382  0.7327
epoch:54 0.5465  0.7864  0.6132  0.1935  0.4246  0.6353  0.4454  0.6449  0.6569  0.3118  0.5491  0.729
epoch:55 0.5383  0.7832  0.6037  0.1952  0.4204  0.63  0.4426  0.6406  0.6545  0.3563  0.5514  0.7176
epoch:56 0.5528  0.7866  0.6177  0.189  0.4247  0.6458  0.4535  0.6529  0.6658  0.3182  0.5515  0.7375
epoch:57 0.5461  0.7926  0.6133  0.1825  0.4309  0.6288  0.4446  0.6456  0.6595  0.3133  0.5581  0.7263
epoch:58 0.5615  0.7973  0.6236  0.1728  0.4254  0.6531  0.4557  0.6533  0.666  0.2967  0.5459  0.7407
epoch:59 0.5452  0.7831  0.6063  0.1925  0.4225  0.6338  0.4464  0.6471  0.6605  0.3222  0.5538  0.7279
epoch:60 0.5135  0.7554  0.5688  0.1828  0.4112  0.6036  0.4286  0.6236  0.6379  0.3464  0.5444  0.6973
epoch:61 0.5567  0.7899  0.6186  0.1909  0.4302  0.6469  0.4548  0.6558  0.6677  0.3085  0.5504  0.7403
epoch:62 0.5575  0.7897  0.6197  0.1974  0.4398  0.6457  0.4531  0.655  0.6674  0.3322  0.5606  0.7343
epoch:63 0.5463  0.7816  0.6084  0.1908  0.4308  0.6369  0.4477  0.6493  0.6619  0.3256  0.5504  0.7304
epoch:64 0.5457  0.7835  0.6058  0.1888  0.4323  0.6355  0.4469  0.649  0.6633  0.3255  0.5622  0.7282
epoch:65 0.5563  0.7963  0.6232  0.1843  0.4289  0.6437  0.4477  0.6441  0.6566  0.2988  0.5468  0.7269
epoch:66 0.5432  0.7814  0.6087  0.1781  0.4252  0.6376  0.4466  0.6481  0.6609  0.3077  0.557  0.7293
epoch:67 0.5552  0.793  0.623  0.1785  0.4309  0.6485  0.4502  0.6502  0.6628  0.3033  0.5529  0.7362
epoch:68 0.5531  0.7877  0.6188  0.1957  0.4316  0.6441  0.4537  0.6532  0.6649  0.3159  0.553  0.7366
epoch:69 0.5517  0.792  0.6139  0.1728  0.4233  0.65  0.4526  0.649  0.6615  0.2962  0.5484  0.7369
epoch:70 0.5441  0.7781  0.606  0.1902  0.4352  0.6287  0.4437  0.6428  0.6549  0.3319  0.5512  0.7189
epoch:71 0.5447  0.7854  0.6143  0.193  0.4204  0.6353  0.4461  0.6424  0.6552  0.2969  0.5397  0.7294
epoch:72 0.5512  0.7872  0.61  0.1906  0.4211  0.6489  0.4533  0.6543  0.6669  0.3241  0.5466  0.7415
epoch:73 0.5569  0.7904  0.6176  0.1813  0.4335  0.6516  0.4556  0.6548  0.6677  0.3081  0.5532  0.7409
epoch:74 0.549  0.7858  0.6154  0.1843  0.4274  0.6368  0.4452  0.6425  0.6539  0.2996  0.5422  0.7259
epoch:75 0.5532  0.7906  0.6122  0.1923  0.4243  0.6447  0.45  0.6487  0.6613  0.317  0.5441  0.732
epoch:76 0.5337  0.771  0.5874  0.1758  0.4201  0.6267  0.442  0.6376  0.6494  0.316  0.5351  0.717
epoch:77 0.5258  0.7628  0.5829  0.1936  0.4207  0.6134  0.4322  0.6271  0.639  0.3392  0.5375  0.7026
epoch:78 0.5461  0.7841  0.6143  0.1878  0.4221  0.6312  0.4451  0.6414  0.653  0.3086  0.535  0.7235
epoch:79 0.5503  0.7851  0.6082  0.1898  0.4213  0.6435  0.4521  0.6511  0.6625  0.3219  0.5465  0.7345
epoch:80 0.5347  0.7755  0.6018  0.1732  0.4223  0.6211  0.4377  0.6345  0.647  0.3201  0.5447  0.7105
epoch:81 0.5544  0.7891  0.6181  0.1873  0.4271  0.6442  0.4499  0.6477  0.6603  0.2951  0.5502  0.7329
epoch:82 0.5565  0.7908  0.6183  0.1889  0.4295  0.6457  0.4525  0.6484  0.66  0.3133  0.5433  0.7332
epoch:83 0.5466  0.7849  0.6109  0.1904  0.426  0.6347  0.447  0.6444  0.6563  0.3193  0.5464  0.724
epoch:84 0.553  0.7882  0.6139  0.1859  0.4235  0.6438  0.4542  0.6481  0.6603  0.2842  0.5433  0.736
epoch:85 0.5462  0.7775  0.602  0.1915  0.4255  0.6395  0.4509  0.6439  0.6563  0.3155  0.5437  0.7285
epoch:86 0.5543  0.7877  0.6169  0.2015  0.4269  0.648  0.4534  0.6504  0.6634  0.3131  0.5498  0.7394
epoch:87 0.5388  0.771  0.5981  0.184  0.4211  0.6327  0.4462  0.6411  0.6534  0.3207  0.5442  0.7235
epoch:88 0.5315  0.7618  0.5885  0.1825  0.4278  0.6216  0.4408  0.6356  0.6483  0.3258  0.5527  0.71
epoch:89 0.5456  0.7807  0.6056  0.1847  0.4203  0.6379  0.4478  0.6421  0.654  0.3167  0.538  0.7261
epoch:90 0.5531  0.785  0.6143  0.1807  0.4105  0.6455  0.4511  0.646  0.6587  0.2894  0.5284  0.7358
epoch:91 0.5504  0.7847  0.6121  0.1854  0.4198  0.6433  0.4499  0.6455  0.6578  0.2988  0.5358  0.7322
epoch:92 0.5112  0.7438  0.5657  0.1708  0.4264  0.603  0.4296  0.6267  0.6397  0.332  0.5573  0.6974
epoch:93 0.5361  0.7644  0.596  0.193  0.4285  0.6275  0.4416  0.6385  0.6511  0.3179  0.5511  0.7184
epoch:94 0.543  0.7766  0.6026  0.2021  0.4266  0.632  0.4446  0.6409  0.6535  0.3244  0.5574  0.721
epoch:95 0.5431  0.7788  0.6083  0.1904  0.4155  0.6361  0.4475  0.6458  0.6577  0.3093  0.5366  0.7298
epoch:96 0.5507  0.7826  0.61  0.1817  0.4179  0.6428  0.4495  0.6446  0.6566  0.299  0.5378  0.7298
epoch:97 0.5493  0.782  0.609  0.1934  0.4268  0.6403  0.4491  0.6466  0.6595  0.326  0.551  0.7299
epoch:98 0.5418  0.7739  0.5997  0.1851  0.4289  0.6339  0.4464  0.6434  0.6568  0.3186  0.5502  0.7243
epoch:99 0.5259  0.7624  0.5807  0.1961  0.4185  0.6133  0.4342  0.6296  0.6417  0.334  0.5365  0.7029
epoch:100 0.5445  0.7778  0.6014  0.1848  0.4208  0.6358  0.4469  0.6412  0.653  0.3065  0.5364  0.7238
epoch:101 0.5525  0.7806  0.6146  0.1968  0.4283  0.6425  0.4522  0.6483  0.6584  0.3043  0.5446  0.7333
epoch:102 0.5487  0.7802  0.6056  0.1958  0.4237  0.641  0.4501  0.6474  0.6591  0.3214  0.5359  0.733
epoch:103 0.5512  0.7822  0.6126  0.1895  0.4245  0.6433  0.4505  0.6468  0.6588  0.3157  0.5407  0.7338
epoch:104 0.5479  0.7795  0.6109  0.1913  0.4326  0.6377  0.4487  0.6477  0.6595  0.3063  0.5509  0.7304
epoch:105 0.5349  0.7628  0.5939  0.1953  0.4311  0.6219  0.4358  0.629  0.6405  0.3246  0.5527  0.7023
epoch:106 0.5468  0.7796  0.606  0.1972  0.4196  0.6392  0.4489  0.6417  0.653  0.3071  0.5396  0.727
epoch:107 0.5311  0.7631  0.5872  0.178  0.4322  0.6187  0.4402  0.6368  0.6481  0.3399  0.548  0.711
epoch:108 0.5396  0.7733  0.5917  0.1927  0.4228  0.632  0.4427  0.6387  0.6515  0.3406  0.5413  0.7211
epoch:109 0.5453  0.7826  0.6046  0.1806  0.4215  0.638  0.4451  0.6419  0.6532  0.3062  0.5414  0.7269
epoch:110 0.5489  0.7861  0.609  0.1899  0.4261  0.642  0.4504  0.6462  0.6575  0.3194  0.5404  0.7302
epoch:111 0.5288  0.758  0.5862  0.186  0.425  0.6151  0.4384  0.6339  0.6457  0.3375  0.5496  0.7045
epoch:112 0.5486  0.7823  0.6124  0.1781  0.4093  0.6404  0.4495  0.6441  0.6536  0.2803  0.5209  0.7323
epoch:113 0.5379  0.7719  0.5924  0.1784  0.4116  0.6328  0.4449  0.6406  0.6528  0.3154  0.536  0.7209
epoch:114 0.5426  0.7739  0.5983  0.1976  0.4211  0.6318  0.4445  0.639  0.6513  0.3341  0.5423  0.7203
epoch:115 0.5441  0.7761  0.6033  0.1958  0.4259  0.6364  0.4473  0.6434  0.6556  0.3111  0.5493  0.7253
epoch:116 0.5178  0.747  0.5757  0.1887  0.4234  0.6083  0.432  0.6264  0.6379  0.3317  0.5488  0.6976
epoch:117 0.519  0.7516  0.5755  0.1849  0.419  0.6097  0.4296  0.6236  0.6345  0.3316  0.5355  0.6998
epoch:118 0.5493  0.7773  0.6097  0.1883  0.4258  0.6424  0.4493  0.6466  0.6581  0.3263  0.5448  0.7289
epoch:119 0.5193  0.758  0.5852  0.1734  0.4246  0.6029  0.4262  0.6179  0.6279  0.3113  0.5445  0.6872
epoch:120 0.5472  0.7801  0.6074  0.1807  0.4197  0.6387  0.4483  0.643  0.6551  0.3046  0.5397  0.7291
epoch:121 0.5387  0.7715  0.599  0.1847  0.4008  0.6345  0.4418  0.634  0.6457  0.2938  0.5104  0.7223
epoch:122 0.5356  0.761  0.5905  0.2052  0.4227  0.6257  0.4423  0.6377  0.6487  0.3473  0.5481  0.7126
epoch:123 0.5221  0.7646  0.5864  0.208  0.4175  0.6043  0.4318  0.6273  0.6383  0.3477  0.5378  0.7001
epoch:124 0.5548  0.779  0.6139  0.1913  0.4184  0.6487  0.455  0.65  0.6611  0.3116  0.5292  0.7352
epoch:125 0.5301  0.7553  0.5862  0.1974  0.4218  0.6194  0.4365  0.629  0.6402  0.3413  0.5399  0.7
epoch:126 0.4875  0.7099  0.5404  0.1818  0.4024  0.5851  0.4171  0.6022  0.6131  0.3275  0.5279  0.6695
epoch:127 0.5453  0.7747  0.6003  0.1972  0.4218  0.6382  0.4509  0.6408  0.6512  0.3269  0.5389  0.7225
epoch:128 0.5175  0.7506  0.5809  0.1772  0.4107  0.6034  0.4303  0.6167  0.6277  0.3091  0.5334  0.6896
epoch:129 0.5455  0.7777  0.6027  0.163  0.4115  0.6428  0.4474  0.6361  0.6466  0.2693  0.524  0.7277
epoch:130 0.5327  0.7623  0.5875  0.189  0.4243  0.6298  0.4417  0.6353  0.6472  0.3376  0.5457  0.7107
epoch:131 0.5387  0.7695  0.598  0.185  0.4149  0.6313  0.4436  0.6346  0.6461  0.3015  0.5337  0.7167
epoch:132 0.5518  0.7785  0.6098  0.177  0.4135  0.6487  0.4515  0.6431  0.6527  0.2846  0.5231  0.7322
epoch:133 0.5065  0.738  0.5609  0.1819  0.4171  0.6071  0.4281  0.621  0.6321  0.3203  0.5463  0.6918
epoch:134 0.5386  0.7719  0.5959  0.1769  0.4015  0.6335  0.4449  0.6337  0.6446  0.29  0.5134  0.7214
epoch:135 0.5467  0.7788  0.6046  0.1914  0.4077  0.641  0.4485  0.638  0.6478  0.2899  0.5149  0.7259
epoch:136 0.5401  0.776  0.5987  0.1874  0.4233  0.6306  0.4452  0.6376  0.6482  0.319  0.5352  0.719
epoch:137 0.5243  0.756  0.5813  0.1843  0.4141  0.6136  0.4328  0.6223  0.6343  0.3136  0.5327  0.6984
epoch:138 0.5386  0.7722  0.5993  0.1858  0.418  0.6313  0.4473  0.6406  0.6507  0.3091  0.5366  0.724
epoch:139 0.5428  0.7749  0.598  0.1768  0.421  0.6365  0.4468  0.6393  0.6511  0.2966  0.5447  0.7225
epoch:140 0.5411  0.7754  0.5977  0.195  0.4086  0.6361  0.4459  0.6354  0.6461  0.3097  0.52  0.7245
epoch:141 0.5492  0.7754  0.607  0.1796  0.4111  0.6451  0.4516  0.6427  0.6529  0.2855  0.5309  0.7306
epoch:142 0.5373  0.763  0.5936  0.195  0.4228  0.6263  0.4427  0.6343  0.6451  0.3233  0.5386  0.7133
epoch:143 0.5238  0.7489  0.5776  0.1833  0.4184  0.6141  0.4342  0.6241  0.6356  0.3119  0.5359  0.6988
epoch:144 0.5378  0.7685  0.5964  0.1808  0.4243  0.6319  0.4428  0.6387  0.6502  0.2917  0.5456  0.7198
epoch:145 0.542  0.7754  0.5961  0.1812  0.4132  0.6368  0.4456  0.6366  0.6486  0.2878  0.5255  0.7256
epoch:146 0.5001  0.7355  0.56  0.1737  0.4036  0.5874  0.423  0.6083  0.619  0.313  0.523  0.6771
epoch:147 0.5428  0.7791  0.5995  0.1995  0.4126  0.634  0.446  0.6378  0.6481  0.3211  0.5267  0.7219
epoch:148 0.5345  0.7696  0.5891  0.19  0.417  0.6235  0.4429  0.634  0.644  0.3192  0.5334  0.7137
epoch:149 0.5473  0.78  0.6023  0.1841  0.4177  0.6414  0.4505  0.6409  0.6519  0.289  0.5355  0.7267
epoch:150 0.5303  0.7585  0.5858  0.1997  0.4249  0.6192  0.436  0.6304  0.642  0.3415  0.5452  0.7066
epoch:151 0.5404  0.777  0.6012  0.1801  0.4107  0.631  0.4438  0.6305  0.6407  0.2861  0.5156  0.718
epoch:152 0.5385  0.7664  0.5958  0.2032  0.4133  0.6311  0.446  0.6372  0.6487  0.3333  0.5334  0.7166
epoch:153 0.5391  0.768  0.5964  0.1723  0.4083  0.6323  0.4413  0.6303  0.6409  0.3056  0.5175  0.7142
epoch:154 0.5482  0.7772  0.6065  0.2025  0.422  0.6407  0.4484  0.6407  0.6511  0.3119  0.5299  0.7271
epoch:155 0.5469  0.781  0.6069  0.1912  0.4219  0.6363  0.4487  0.6419  0.6519  0.3037  0.5349  0.7241
epoch:156 0.5473  0.7756  0.605  0.1763  0.4051  0.6425  0.4495  0.6336  0.6428  0.2714  0.5114  0.7265
epoch:157 0.5407  0.7729  0.5985  0.1769  0.4095  0.6323  0.4469  0.6366  0.6469  0.288  0.5233  0.7225
epoch:158 0.5435  0.775  0.6002  0.1791  0.4059  0.6399  0.4486  0.6364  0.6465  0.2793  0.512  0.7292
epoch:159 0.5407  0.7761  0.6048  0.1869  0.4156  0.6305  0.4423  0.6322  0.6436  0.3017  0.5289  0.7141
epoch:160 0.5237  0.7603  0.5801  0.1847  0.4128  0.613  0.4349  0.6236  0.6352  0.3248  0.5302  0.6984
epoch:161 0.5372  0.772  0.5926  0.1919  0.4161  0.629  0.4437  0.6341  0.6434  0.3175  0.535  0.7142
epoch:162 0.5422  0.7744  0.6003  0.1896  0.4152  0.6363  0.4465  0.6364  0.6468  0.2976  0.5254  0.7248
epoch:163 0.5475  0.7736  0.604  0.1897  0.4172  0.6424  0.4498  0.6421  0.6528  0.3208  0.5309  0.7273
epoch:164 0.5438  0.7749  0.6035  0.1738  0.4122  0.6345  0.4451  0.6335  0.6435  0.2801  0.5226  0.7191
epoch:165 0.546  0.7719  0.6049  0.1853  0.4125  0.6413  0.4511  0.6418  0.6518  0.2794  0.5298  0.7301
epoch:166 0.5269  0.755  0.5803  0.1891  0.4123  0.62  0.4387  0.6291  0.641  0.3218  0.5422  0.7052
epoch:167 0.5168  0.7505  0.5681  0.1749  0.4048  0.6093  0.4309  0.6177  0.6285  0.3034  0.5218  0.6941
epoch:168 0.5356  0.7704  0.5927  0.1831  0.4072  0.6283  0.4449  0.6318  0.6427  0.2874  0.5218  0.7167
epoch:169 0.5377  0.7744  0.5994  0.1817  0.4095  0.6286  0.4429  0.6341  0.6445  0.3128  0.5198  0.7183
epoch:170 0.5439  0.7771  0.6031  0.172  0.4194  0.6337  0.4464  0.6372  0.6475  0.2933  0.5309  0.7196
epoch:171 0.5333  0.7644  0.5904  0.1764  0.4178  0.6231  0.4379  0.6272  0.6375  0.2863  0.5304  0.7057
epoch:172 0.5475  0.7761  0.6064  0.1739  0.4195  0.6403  0.4516  0.6451  0.6554  0.2786  0.5336  0.7307
epoch:173 0.539  0.7726  0.6017  0.1593  0.4091  0.6336  0.4459  0.6295  0.639  0.2623  0.5142  0.7177
epoch:174 0.5394  0.7702  0.5972  0.171  0.4109  0.6356  0.4456  0.6341  0.6442  0.2798  0.5255  0.72
