epoch:0 0.2106  0.4739  0.1418  0.043  0.1815  0.266  0.2031  0.3811  0.4148  0.1172  0.3818  0.4703
epoch:1 0.4197  0.7141  0.4514  0.1173  0.3393  0.5118  0.3482  0.5407  0.5626  0.2134  0.4897  0.6423
epoch:2 0.487  0.769  0.5403  0.1547  0.3844  0.5742  0.3894  0.589  0.6091  0.2317  0.524  0.6865
epoch:3 0.516  0.7878  0.5759  0.1843  0.4064  0.6104  0.4061  0.6175  0.6381  0.2757  0.5533  0.7161
epoch:4 0.5102  0.7904  0.5652  0.1685  0.4003  0.6016  0.4063  0.6097  0.6325  0.2598  0.5417  0.7099
epoch:5 0.5059  0.8007  0.5717  0.184  0.3977  0.5978  0.4043  0.609  0.6316  0.2929  0.5453  0.709
epoch:6 0.5153  0.8022  0.5809  0.1703  0.4201  0.6009  0.405  0.6139  0.6382  0.2877  0.5735  0.705
epoch:7 0.5174  0.798  0.5835  0.1989  0.415  0.6077  0.4103  0.6228  0.6472  0.3241  0.5723  0.7156
epoch:8 0.5131  0.7806  0.5683  0.2203  0.4249  0.6021  0.4069  0.6211  0.6456  0.3666  0.5743  0.7097
epoch:9 0.5271  0.8048  0.5833  0.1747  0.3943  0.6327  0.4171  0.6259  0.6504  0.3036  0.5397  0.7316
epoch:10 0.5127  0.7884  0.5686  0.2066  0.4024  0.6109  0.41  0.6205  0.6468  0.348  0.5569  0.7182
epoch:11 0.5423  0.8056  0.6097  0.2148  0.4253  0.6363  0.4239  0.637  0.6614  0.3477  0.5631  0.7342
epoch:12 0.5295  0.8055  0.5892  0.1889  0.4095  0.6323  0.4199  0.6275  0.6516  0.33  0.5521  0.7274
epoch:13 0.5178  0.7951  0.5784  0.1998  0.4203  0.6038  0.4113  0.621  0.6465  0.3493  0.5693  0.7093
epoch:14 0.5475  0.8147  0.6173  0.1965  0.4248  0.6437  0.4268  0.6399  0.6639  0.3165  0.5621  0.7411
epoch:15 0.5434  0.8116  0.6062  0.1982  0.431  0.6444  0.4277  0.6395  0.6631  0.3323  0.5734  0.7408
epoch:16 0.5293  0.8002  0.5873  0.1934  0.4155  0.6212  0.4168  0.6295  0.6522  0.3229  0.5603  0.7227
epoch:17 0.5346  0.8015  0.5913  0.1843  0.4148  0.6372  0.4254  0.6345  0.6587  0.3325  0.5643  0.734
epoch:18 0.5367  0.8121  0.5917  0.1932  0.4131  0.6357  0.4214  0.63  0.6547  0.3261  0.555  0.7323
epoch:19 0.528  0.8039  0.5931  0.204  0.4174  0.6211  0.4138  0.6294  0.6537  0.3396  0.5705  0.7197
epoch:20 0.5214  0.7925  0.5815  0.2029  0.4103  0.6198  0.4173  0.6318  0.6556  0.3471  0.5677  0.7232
epoch:21 0.5364  0.809  0.5958  0.1888  0.4084  0.6341  0.4221  0.631  0.6547  0.313  0.5533  0.7304
epoch:22 0.5288  0.8047  0.5905  0.1963  0.4077  0.6235  0.4191  0.6251  0.6478  0.3325  0.5447  0.7209
epoch:23 0.5353  0.8111  0.6078  0.2019  0.4283  0.6296  0.4217  0.6334  0.6564  0.3384  0.5715  0.7318
epoch:24 0.5471  0.8093  0.61  0.2013  0.4231  0.642  0.4266  0.6377  0.6605  0.3058  0.5662  0.7366
epoch:25 0.5402  0.8032  0.6024  0.178  0.4176  0.6432  0.4278  0.6382  0.6602  0.3055  0.5601  0.7426
epoch:26 0.5321  0.797  0.5946  0.2208  0.4133  0.6326  0.4219  0.631  0.6565  0.3827  0.5594  0.7306
epoch:27 0.5277  0.796  0.5849  0.1998  0.4064  0.6262  0.4199  0.6267  0.649  0.331  0.5531  0.7256
epoch:28 0.5393  0.8091  0.5957  0.2079  0.4164  0.643  0.4252  0.6349  0.6589  0.3583  0.5632  0.7376
epoch:29 0.5384  0.8022  0.5906  0.1829  0.4154  0.6442  0.4272  0.6318  0.6553  0.3168  0.5539  0.7375
epoch:30 0.5305  0.801  0.5883  0.1792  0.4138  0.6299  0.4192  0.6239  0.6497  0.3351  0.5614  0.7237
epoch:31 0.5363  0.7972  0.5928  0.2091  0.4119  0.6337  0.4289  0.635  0.6609  0.3689  0.5557  0.7364
epoch:32 0.5457  0.8035  0.6018  0.2035  0.4182  0.6523  0.431  0.6391  0.6611  0.3239  0.5602  0.7458
epoch:33 0.5139  0.7743  0.5648  0.2363  0.4034  0.6204  0.4166  0.6254  0.6501  0.3944  0.5595  0.721
epoch:34 0.5351  0.8039  0.6004  0.2091  0.4081  0.6353  0.4224  0.6305  0.6509  0.3272  0.5496  0.7322
epoch:35 0.5458  0.8045  0.5989  0.1921  0.418  0.6532  0.4317  0.6408  0.6656  0.3365  0.562  0.7463
epoch:36 0.5377  0.8024  0.6005  0.2062  0.4033  0.6421  0.4261  0.6342  0.6572  0.3408  0.5492  0.7361
epoch:37 0.5186  0.7778  0.5789  0.191  0.4122  0.6202  0.4167  0.6257  0.6499  0.3612  0.5574  0.7225
epoch:38 0.537  0.8002  0.5976  0.1866  0.4075  0.6371  0.4236  0.6275  0.6489  0.3053  0.5446  0.7308
epoch:39 0.5392  0.8057  0.603  0.2022  0.4184  0.6354  0.4243  0.6315  0.6533  0.326  0.5554  0.7292
epoch:40 0.5338  0.8007  0.5965  0.2172  0.4114  0.6304  0.4237  0.6293  0.6504  0.3485  0.5479  0.7231
epoch:41 0.5278  0.7803  0.5824  0.2274  0.4198  0.6267  0.4198  0.6313  0.6532  0.3824  0.5731  0.7226
epoch:42 0.5392  0.8039  0.5967  0.1728  0.41  0.6424  0.426  0.6322  0.6545  0.3131  0.5484  0.7347
epoch:43 0.5409  0.7959  0.5988  0.1909  0.4133  0.6445  0.4287  0.6371  0.6604  0.3282  0.5542  0.7403
epoch:44 0.5055  0.7609  0.5582  0.1934  0.3937  0.6064  0.407  0.6183  0.6438  0.355  0.5672  0.7103
epoch:45 0.5147  0.7752  0.5651  0.1998  0.4163  0.6146  0.4108  0.6239  0.6464  0.3511  0.5704  0.7129
epoch:46 0.53  0.7856  0.5896  0.202  0.4191  0.6272  0.4165  0.6304  0.6519  0.3293  0.5613  0.7244
epoch:47 0.5381  0.7963  0.6035  0.2041  0.411  0.6394  0.4248  0.6316  0.6537  0.3396  0.5501  0.7347
epoch:48 0.5369  0.7978  0.6003  0.187  0.4111  0.6384  0.4258  0.6314  0.6519  0.3163  0.5512  0.7344
epoch:49 0.5164  0.7708  0.5682  0.2145  0.4053  0.6257  0.4153  0.6233  0.6475  0.3623  0.5579  0.7224
epoch:50 0.5293  0.793  0.5963  0.1783  0.4046  0.6317  0.4244  0.6254  0.6478  0.3087  0.5427  0.7289
epoch:51 0.5409  0.7933  0.5975  0.1957  0.4144  0.6438  0.43  0.6372  0.6583  0.3298  0.563  0.7383
epoch:52 0.5274  0.7842  0.5815  0.2072  0.4064  0.627  0.4144  0.6192  0.6415  0.3344  0.5467  0.7164
epoch:53 0.5324  0.7908  0.5934  0.181  0.3976  0.635  0.4228  0.6228  0.6424  0.3077  0.5253  0.7288
epoch:54 0.5445  0.7997  0.607  0.211  0.4126  0.6449  0.4281  0.6345  0.6556  0.3217  0.5434  0.7376
epoch:55 0.5158  0.7764  0.5719  0.1912  0.4146  0.6138  0.41  0.6155  0.6381  0.3394  0.5559  0.7056
epoch:56 0.5377  0.7938  0.5982  0.1954  0.41  0.6416  0.4266  0.6364  0.6581  0.3198  0.5514  0.737
epoch:57 0.5325  0.7865  0.5851  0.188  0.4171  0.6365  0.4238  0.6312  0.6545  0.3311  0.5625  0.727
epoch:58 0.5279  0.7832  0.5754  0.2019  0.4128  0.6322  0.4187  0.6259  0.647  0.3199  0.553  0.7229
epoch:59 0.5379  0.795  0.5962  0.1806  0.4112  0.6406  0.4248  0.6255  0.6464  0.2858  0.5396  0.7317
epoch:60 0.5454  0.8018  0.6016  0.2014  0.4199  0.6477  0.4305  0.6382  0.6596  0.3324  0.5566  0.7438
epoch:61 0.5427  0.7909  0.596  0.1738  0.4057  0.6487  0.4289  0.63  0.6501  0.2909  0.5371  0.7377
epoch:62 0.5208  0.7746  0.5715  0.1932  0.411  0.6222  0.4185  0.6192  0.6402  0.3277  0.5518  0.7143
epoch:63 0.5017  0.7492  0.5553  0.2045  0.4138  0.6003  0.4039  0.6075  0.6301  0.3549  0.562  0.6954
epoch:64 0.5129  0.7602  0.5607  0.2051  0.4074  0.6137  0.4124  0.6133  0.6355  0.3384  0.5562  0.7069
epoch:65 0.5431  0.7894  0.6011  0.1933  0.4199  0.6468  0.4321  0.6346  0.6561  0.3038  0.5555  0.7376
epoch:66 0.5044  0.7529  0.5578  0.1757  0.4019  0.6056  0.411  0.6079  0.6281  0.303  0.5468  0.7009
epoch:67 0.5225  0.7817  0.579  0.2  0.4072  0.628  0.4173  0.6206  0.641  0.3335  0.5472  0.7154
epoch:68 0.5155  0.7636  0.5704  0.1978  0.4178  0.6119  0.4114  0.6116  0.6314  0.3138  0.5561  0.7014
epoch:69 0.5264  0.7863  0.5811  0.1769  0.4027  0.6274  0.4217  0.6198  0.6411  0.301  0.5313  0.7271
epoch:70 0.5276  0.7919  0.5886  0.2059  0.4112  0.6267  0.4172  0.6179  0.6401  0.3255  0.5436  0.7157
epoch:71 0.5103  0.763  0.5583  0.2142  0.4042  0.6101  0.4065  0.6079  0.6311  0.3504  0.5446  0.7006
epoch:72 0.5156  0.765  0.5711  0.203  0.4089  0.6195  0.4151  0.6145  0.6377  0.3528  0.5511  0.7089
epoch:73 0.5325  0.7879  0.5892  0.1845  0.4078  0.6346  0.4257  0.6245  0.6435  0.292  0.5291  0.73
epoch:74 0.5387  0.7922  0.5968  0.1894  0.4065  0.6408  0.4286  0.631  0.6513  0.3027  0.5372  0.7363
epoch:75 0.5318  0.7872  0.5948  0.1937  0.4067  0.6348  0.4238  0.6263  0.6471  0.316  0.5371  0.7281
epoch:76 0.5143  0.771  0.5638  0.2007  0.3944  0.6156  0.4143  0.6113  0.6317  0.323  0.533  0.7086
epoch:77 0.5368  0.7853  0.5991  0.2239  0.407  0.6361  0.425  0.6261  0.6455  0.3502  0.5423  0.7251
epoch:78 0.493  0.7396  0.5373  0.2132  0.4022  0.59  0.4004  0.5993  0.6198  0.3414  0.553  0.6811
epoch:79 0.5308  0.7773  0.5835  0.1862  0.4083  0.6369  0.4242  0.6253  0.6452  0.3242  0.5453  0.722
epoch:80 0.5242  0.7688  0.5766  0.2048  0.4063  0.631  0.4218  0.624  0.6442  0.3272  0.5483  0.7226
epoch:81 0.5343  0.7848  0.5879  0.1992  0.4193  0.6335  0.4241  0.6249  0.646  0.3181  0.5519  0.7236
epoch:82 0.5456  0.7887  0.6002  0.2028  0.4187  0.6513  0.4329  0.6334  0.6525  0.3137  0.5416  0.7387
epoch:83 0.5286  0.7864  0.594  0.2056  0.4115  0.6253  0.4188  0.6203  0.6411  0.3167  0.5567  0.7136
epoch:84 0.5288  0.779  0.5849  0.1819  0.4058  0.6287  0.4211  0.6194  0.6397  0.3026  0.5394  0.7178
epoch:85 0.5339  0.788  0.5941  0.1807  0.4103  0.6323  0.4277  0.6285  0.6483  0.2829  0.5463  0.7326
epoch:86 0.5207  0.7669  0.5744  0.1792  0.3985  0.6287  0.4185  0.6184  0.6393  0.3147  0.5348  0.7212
epoch:87 0.5348  0.786  0.5909  0.1919  0.4117  0.6399  0.426  0.6344  0.6555  0.3102  0.5535  0.7373
epoch:88 0.5378  0.7854  0.5904  0.1791  0.4123  0.6434  0.4279  0.6299  0.6489  0.2853  0.5397  0.7348
epoch:89 0.5391  0.7873  0.5909  0.1817  0.4156  0.6429  0.4278  0.6316  0.6521  0.3016  0.5457  0.7348
epoch:90 0.539  0.7846  0.5893  0.1894  0.4146  0.642  0.4314  0.6323  0.6517  0.3134  0.5503  0.733
epoch:91 0.5373  0.7818  0.5921  0.169  0.4117  0.6483  0.43  0.6291  0.6484  0.2746  0.5405  0.7379
epoch:92 0.5394  0.7879  0.5922  0.1763  0.4161  0.6427  0.4295  0.6291  0.6507  0.3025  0.5526  0.7318
epoch:93 0.5236  0.7714  0.5744  0.2092  0.4105  0.6257  0.4168  0.6148  0.6355  0.3483  0.5463  0.7095
epoch:94 0.5346  0.7809  0.5871  0.1853  0.3984  0.6417  0.4286  0.6245  0.6426  0.2905  0.5279  0.7303
epoch:95 0.5392  0.7898  0.5936  0.201  0.4137  0.6412  0.4277  0.6302  0.6481  0.311  0.5398  0.7316
epoch:96 0.5443  0.7874  0.5972  0.1959  0.4153  0.65  0.433  0.6332  0.6525  0.3126  0.5453  0.735
epoch:97 0.5376  0.7812  0.5872  0.1978  0.4173  0.6483  0.4243  0.6287  0.6494  0.3327  0.5588  0.7279
epoch:98 0.5471  0.7937  0.6079  0.1913  0.4189  0.6538  0.4328  0.6353  0.6533  0.2921  0.5486  0.7383
epoch:99 0.5407  0.7799  0.5979  0.202  0.4178  0.6458  0.4293  0.633  0.6517  0.3125  0.549  0.7334
epoch:100 0.5441  0.7915  0.6007  0.1727  0.416  0.6474  0.4349  0.6309  0.6467  0.2765  0.5399  0.7358
epoch:101 0.5417  0.788  0.6051  0.1925  0.4234  0.6414  0.4301  0.6294  0.6481  0.2883  0.5468  0.7309
epoch:102 0.5461  0.7921  0.6058  0.1667  0.4211  0.6514  0.4346  0.6346  0.6527  0.2739  0.5423  0.7402
epoch:103 0.5447  0.7872  0.6009  0.1701  0.4139  0.6492  0.4345  0.6332  0.652  0.2899  0.545  0.7387
epoch:104 0.542  0.7864  0.6017  0.1824  0.4126  0.647  0.432  0.6321  0.6496  0.2962  0.5442  0.7368
epoch:105 0.5212  0.7646  0.574  0.2023  0.4158  0.6227  0.4106  0.6185  0.6379  0.3329  0.5646  0.7044
epoch:106 0.5133  0.7547  0.5641  0.1748  0.4115  0.617  0.4091  0.6113  0.632  0.3057  0.5653  0.7029
epoch:107 0.5396  0.7854  0.5907  0.1793  0.4166  0.6491  0.4297  0.6316  0.6509  0.2971  0.5575  0.7341
epoch:108 0.5423  0.7855  0.5961  0.1918  0.4169  0.6489  0.4302  0.6308  0.6497  0.298  0.5486  0.7315
epoch:109 0.5443  0.7889  0.5992  0.1746  0.4186  0.6493  0.433  0.6353  0.6548  0.2983  0.546  0.7397
epoch:110 0.5375  0.7812  0.5932  0.1688  0.4142  0.646  0.4319  0.6284  0.6467  0.2752  0.5352  0.7349
epoch:111 0.5338  0.7797  0.5878  0.1803  0.4156  0.6404  0.4251  0.6253  0.6452  0.301  0.5554  0.7238
epoch:112 0.5401  0.783  0.5972  0.1732  0.4092  0.65  0.4304  0.6302  0.6476  0.2895  0.5313  0.7374
epoch:113 0.5349  0.7751  0.589  0.1818  0.4154  0.6391  0.4264  0.6275  0.6465  0.2971  0.5578  0.7247
epoch:114 0.5386  0.7763  0.5962  0.1756  0.4146  0.6456  0.4285  0.6281  0.6451  0.2745  0.5451  0.7291
epoch:115 0.5377  0.7771  0.5937  0.191  0.4151  0.6422  0.4268  0.6255  0.6449  0.3009  0.5452  0.7252
epoch:116 0.5367  0.7761  0.5906  0.1813  0.417  0.6429  0.4265  0.6286  0.6477  0.2986  0.5453  0.7284
epoch:117 0.5455  0.7862  0.6002  0.1739  0.4208  0.6522  0.4326  0.632  0.6494  0.2807  0.54  0.736
epoch:118 0.5437  0.7846  0.5956  0.1934  0.4135  0.6503  0.4329  0.6313  0.6471  0.305  0.5342  0.7346
epoch:119 0.5342  0.7757  0.5934  0.1931  0.405  0.6367  0.4277  0.6267  0.6444  0.3032  0.5318  0.73
epoch:120 0.5239  0.7605  0.5753  0.2073  0.4079  0.6293  0.417  0.619  0.6383  0.3276  0.545  0.7135
epoch:121 0.5291  0.7689  0.5826  0.2047  0.4161  0.6313  0.4222  0.6212  0.6408  0.3404  0.5531  0.7145
epoch:122 0.5377  0.7818  0.5946  0.1929  0.4117  0.6415  0.4274  0.6276  0.6454  0.3397  0.5351  0.7275
epoch:123 0.5415  0.7857  0.5954  0.1822  0.4085  0.6497  0.4332  0.6308  0.6476  0.285  0.5294  0.7397
epoch:124 0.5069  0.7406  0.5558  0.1978  0.4052  0.6076  0.4043  0.6028  0.622  0.3236  0.5477  0.6877
epoch:125 0.5136  0.751  0.5646  0.1767  0.4103  0.6192  0.4098  0.6128  0.6321  0.3157  0.5541  0.705
epoch:126 0.5355  0.7777  0.5904  0.1822  0.4135  0.6436  0.4269  0.6284  0.6475  0.2964  0.5428  0.7304
epoch:127 0.5435  0.7857  0.5982  0.1933  0.4139  0.6512  0.4328  0.6326  0.6515  0.2998  0.5428  0.7382
epoch:128 0.5382  0.7762  0.5904  0.1796  0.4034  0.6481  0.4301  0.6304  0.648  0.2851  0.5296  0.7395
epoch:129 0.5416  0.7833  0.5958  0.1736  0.4114  0.6492  0.4323  0.6297  0.6466  0.2817  0.5383  0.7329
epoch:130 0.5327  0.7696  0.5846  0.1911  0.4044  0.6398  0.4259  0.6256  0.6423  0.311  0.536  0.7257
epoch:131 0.5411  0.7781  0.5962  0.1818  0.4145  0.6479  0.4327  0.6313  0.648  0.2902  0.5404  0.7338
epoch:132 0.5371  0.7805  0.5863  0.1885  0.4051  0.6435  0.4324  0.6249  0.6413  0.2868  0.5229  0.732
epoch:133 0.5387  0.7782  0.5895  0.1761  0.4116  0.6496  0.4324  0.6314  0.6497  0.2897  0.5386  0.7374
epoch:134 0.5447  0.7827  0.6007  0.207  0.4088  0.6536  0.4352  0.6329  0.6512  0.3147  0.5303  0.7412
epoch:135 0.5331  0.7683  0.5862  0.2019  0.41  0.64  0.4259  0.6259  0.6441  0.3219  0.546  0.7243
epoch:136 0.5375  0.774  0.5923  0.1823  0.3995  0.6472  0.432  0.6255  0.6419  0.2832  0.514  0.7365
epoch:137 0.5353  0.7718  0.5846  0.1886  0.4123  0.6439  0.4273  0.625  0.6447  0.3075  0.543  0.7255
epoch:138 0.5433  0.7828  0.6006  0.1997  0.4134  0.6491  0.4331  0.6321  0.6497  0.3026  0.5376  0.7355
epoch:139 0.5457  0.7811  0.5931  0.1911  0.4216  0.6514  0.4317  0.6348  0.6531  0.2994  0.5447  0.7364
epoch:140 0.527  0.7647  0.575  0.1949  0.4175  0.6328  0.4212  0.6188  0.6378  0.3114  0.5428  0.7159
epoch:141 0.5388  0.7777  0.5916  0.1811  0.4077  0.6477  0.4341  0.6285  0.6448  0.2873  0.5252  0.7362
epoch:142 0.5411  0.7783  0.5951  0.1894  0.4103  0.6493  0.4352  0.6301  0.647  0.2914  0.5273  0.7383
epoch:143 0.5276  0.7648  0.5784  0.1963  0.4108  0.635  0.4247  0.6241  0.6426  0.3123  0.5454  0.7225
epoch:144 0.5195  0.7558  0.5698  0.1841  0.4059  0.6247  0.4162  0.6146  0.6324  0.3003  0.5435  0.7079
epoch:145 0.5423  0.7795  0.5976  0.1934  0.4074  0.6532  0.4372  0.6336  0.6516  0.294  0.5324  0.7433
epoch:146 0.5353  0.7719  0.5879  0.206  0.414  0.6413  0.4271  0.6283  0.6463  0.3177  0.5489  0.7262
epoch:147 0.5394  0.7757  0.5919  0.1995  0.4249  0.6457  0.4284  0.6302  0.6498  0.3097  0.5531  0.7305
epoch:148 0.5424  0.7799  0.5952  0.197  0.4093  0.6519  0.4356  0.6332  0.6488  0.2906  0.5272  0.7422
epoch:149 0.479  0.7084  0.526  0.1963  0.396  0.5793  0.3871  0.5786  0.5976  0.3288  0.5332  0.6589
epoch:150 0.5378  0.7772  0.5883  0.1899  0.4038  0.6485  0.4346  0.6289  0.6454  0.2849  0.5219  0.7396
epoch:151 0.5393  0.7779  0.592  0.1892  0.4075  0.6485  0.4336  0.6279  0.6449  0.2859  0.5263  0.736
epoch:152 0.5396  0.7751  0.5911  0.1892  0.414  0.6479  0.4311  0.6309  0.6486  0.2881  0.5426  0.734
epoch:153 0.5212  0.7547  0.5679  0.2003  0.4172  0.6279  0.4177  0.6176  0.6364  0.3154  0.55  0.7111
epoch:154 0.5051  0.7402  0.5524  0.2035  0.4095  0.6045  0.4024  0.6023  0.6212  0.3221  0.5466  0.6889
epoch:155 0.538  0.7716  0.5936  0.1866  0.4109  0.6471  0.4286  0.6271  0.6442  0.2791  0.5375  0.7316
epoch:156 0.5389  0.7741  0.5924  0.1838  0.4025  0.6502  0.4336  0.627  0.6424  0.2852  0.5163  0.7378
epoch:157 0.5403  0.7787  0.594  0.1887  0.4099  0.6486  0.435  0.6301  0.6464  0.2871  0.5291  0.7346
epoch:158 0.5392  0.7748  0.5949  0.1866  0.4042  0.6491  0.4349  0.6278  0.6445  0.2765  0.5196  0.7369
epoch:159 0.5164  0.7509  0.5661  0.202  0.4099  0.6184  0.4131  0.6122  0.6295  0.3253  0.5487  0.6993
epoch:160 0.5217  0.7569  0.5687  0.2011  0.4125  0.6304  0.4198  0.6192  0.6381  0.3149  0.5505  0.7149
epoch:161 0.5386  0.7726  0.5887  0.1888  0.418  0.6439  0.4301  0.6281  0.6448  0.2947  0.5418  0.729
epoch:162 0.5311  0.765  0.5823  0.1964  0.4132  0.6376  0.4238  0.6235  0.6405  0.3048  0.5437  0.7192
epoch:163 0.5434  0.7772  0.5951  0.1942  0.4113  0.6523  0.4354  0.6334  0.651  0.3023  0.533  0.7394
epoch:164 0.5434  0.7785  0.5978  0.1739  0.4141  0.6506  0.4359  0.6323  0.6484  0.2807  0.5293  0.7387
epoch:165 0.5395  0.7753  0.5908  0.1898  0.4019  0.6487  0.4346  0.6269  0.6428  0.2851  0.5145  0.7385
epoch:166 0.5402  0.7771  0.5939  0.179  0.4075  0.6485  0.4345  0.6279  0.6431  0.2791  0.5195  0.736
epoch:167 0.5423  0.7777  0.5977  0.1922  0.412  0.6513  0.4353  0.631  0.6471  0.2913  0.5267  0.7379
epoch:168 0.5406  0.7731  0.5969  0.1732  0.404  0.6506  0.4332  0.6297  0.6447  0.2861  0.521  0.7361
epoch:169 0.5447  0.7797  0.5976  0.1883  0.4122  0.6531  0.4352  0.635  0.6518  0.2923  0.5332  0.7395
epoch:170 0.5389  0.772  0.589  0.1929  0.4199  0.6454  0.4296  0.6307  0.6471  0.299  0.5445  0.7291
epoch:171 0.5288  0.7588  0.5778  0.1938  0.416  0.6335  0.4233  0.6231  0.6409  0.3096  0.5476  0.7174
epoch:172 0.5436  0.7763  0.5963  0.1909  0.4175  0.6523  0.4361  0.633  0.6492  0.3036  0.5337  0.7371
epoch:173 0.5409  0.7756  0.593  0.1933  0.4044  0.651  0.4334  0.6294  0.6449  0.288  0.517  0.7402
epoch:174 0.5428  0.7786  0.5954  0.1908  0.4102  0.6528  0.4369  0.6315  0.6468  0.2893  0.5227  0.7407
epoch:175 0.5368  0.7733  0.5888  0.1765  0.4013  0.6461  0.4344  0.6269  0.6412  0.276  0.5164  0.7347
epoch:176 0.5414  0.7752  0.5942  0.1937  0.4097  0.6503  0.4348  0.6308  0.6458  0.2886  0.5219  0.7404
epoch:177 0.5369  0.7692  0.5884  0.1935  0.4138  0.6424  0.4284  0.6292  0.6455  0.2975  0.5411  0.7262
epoch:178 0.5341  0.7638  0.5834  0.1935  0.4148  0.6421  0.4266  0.6277  0.6447  0.2936  0.5447  0.7244
epoch:179 0.5413  0.7749  0.5976  0.2004  0.4084  0.6502  0.4343  0.63  0.6467  0.3009  0.5238  0.7368
epoch:180 0.5189  0.7508  0.5689  0.203  0.4081  0.6251  0.4146  0.6161  0.6356  0.3284  0.549  0.7078
epoch:181 0.5435  0.7743  0.5933  0.1912  0.418  0.6512  0.43  0.6323  0.6488  0.3025  0.5454  0.7328
epoch:182 0.5365  0.7688  0.5902  0.2016  0.4149  0.6439  0.4298  0.628  0.6452  0.2989  0.5388  0.7288
epoch:183 0.5422  0.773  0.5931  0.1955  0.4118  0.6501  0.4312  0.6313  0.6476  0.3006  0.5341  0.7338
epoch:184 0.5324  0.7619  0.5791  0.1862  0.4082  0.641  0.4254  0.6254  0.6427  0.3025  0.539  0.7249
epoch:185 0.5405  0.7722  0.5963  0.1845  0.4078  0.6499  0.4331  0.6297  0.6449  0.2856  0.5204  0.7378
epoch:186 0.5434  0.7756  0.5971  0.1871  0.4091  0.6521  0.4349  0.6318  0.6478  0.2978  0.5299  0.7378
epoch:187 0.5426  0.7737  0.594  0.189  0.41  0.6528  0.4334  0.6338  0.6501  0.2881  0.534  0.7374
epoch:188 0.5312  0.7611  0.5832  0.1933  0.409  0.639  0.4238  0.6242  0.6411  0.3042  0.5395  0.7209
epoch:189 0.5436  0.7746  0.5976  0.1883  0.4143  0.6539  0.4332  0.6339  0.6496  0.282  0.5362  0.738
epoch:190 0.5191  0.7497  0.5752  0.2093  0.4138  0.6231  0.4125  0.6136  0.632  0.3245  0.5478  0.702
epoch:191 0.5226  0.7532  0.5741  0.1853  0.4146  0.6292  0.4186  0.6191  0.6377  0.3061  0.5492  0.7105
epoch:192 0.5436  0.7765  0.5967  0.1886  0.412  0.6532  0.4365  0.632  0.6477  0.2878  0.5242  0.7395
epoch:193 0.5469  0.7794  0.6013  0.2015  0.4149  0.655  0.4354  0.637  0.6529  0.3032  0.5352  0.7407
epoch:194 0.5367  0.7673  0.5899  0.1954  0.415  0.6425  0.4288  0.6297  0.6471  0.3035  0.5478  0.7243
epoch:195 0.5452  0.7786  0.6  0.1911  0.4139  0.6535  0.4365  0.635  0.6511  0.2962  0.5353  0.7402
epoch:196 0.533  0.7632  0.587  0.1892  0.4142  0.6402  0.4276  0.6298  0.6472  0.3115  0.549  0.7252
epoch:197 0.525  0.7524  0.5773  0.1971  0.4066  0.635  0.4196  0.6196  0.6375  0.3033  0.5405  0.7166
epoch:198 0.5455  0.7783  0.5982  0.2032  0.4126  0.6538  0.436  0.6351  0.6506  0.2999  0.5356  0.7403
epoch:199 0.5409  0.7717  0.5894  0.1901  0.4089  0.6494  0.4345  0.6301  0.6454  0.2923  0.527  0.7362
