epoch:0 0.2269  0.4876  0.172  0.0421  0.1801  0.2928  0.2576  0.4359  0.4606  0.1178  0.3859  0.5156
epoch:1 0.5021  0.7611  0.5628  0.1163  0.3848  0.5914  0.4208  0.6104  0.6236  0.2082  0.5253  0.6984
epoch:2 0.5124  0.7609  0.5694  0.1312  0.4044  0.6013  0.4279  0.621  0.6346  0.2335  0.5335  0.7092
epoch:3 0.5313  0.7808  0.5986  0.1574  0.4187  0.6189  0.4384  0.6366  0.6492  0.2509  0.5499  0.722
epoch:4 0.5184  0.7674  0.5821  0.1563  0.4177  0.6096  0.4324  0.6326  0.6485  0.2757  0.5573  0.7149
epoch:5 0.5375  0.7863  0.6041  0.1623  0.4272  0.6262  0.4448  0.6428  0.6564  0.2814  0.5598  0.7275
epoch:6 0.5464  0.7897  0.6128  0.1665  0.4301  0.6376  0.4478  0.6476  0.6611  0.276  0.5552  0.734
epoch:7 0.5293  0.778  0.5971  0.1707  0.4309  0.6116  0.4397  0.6391  0.6536  0.2951  0.5653  0.7161
epoch:8 0.5279  0.7919  0.6001  0.1719  0.4339  0.6072  0.4309  0.6311  0.6455  0.2938  0.5622  0.7084
epoch:9 0.5542  0.7931  0.6223  0.1892  0.4468  0.6419  0.4544  0.6565  0.6697  0.3021  0.5778  0.7381
epoch:10 0.557  0.7936  0.6206  0.1649  0.4318  0.6498  0.4577  0.6584  0.6709  0.2705  0.5522  0.748
epoch:11 0.5198  0.7601  0.5831  0.1655  0.4384  0.6118  0.4332  0.6404  0.6551  0.3246  0.5726  0.7146
epoch:12 0.5527  0.7897  0.6125  0.1647  0.4391  0.6474  0.453  0.6575  0.6725  0.291  0.5666  0.7444
epoch:13 0.5596  0.8001  0.6259  0.1867  0.4452  0.6492  0.4577  0.6625  0.6779  0.3191  0.5802  0.7447
epoch:14 0.5656  0.7999  0.6279  0.1638  0.4442  0.6618  0.4617  0.6671  0.6812  0.2831  0.5712  0.758
epoch:15 0.5697  0.7983  0.6293  0.1886  0.4492  0.6606  0.4643  0.6722  0.6861  0.3151  0.5759  0.7582
epoch:16 0.5736  0.8035  0.6396  0.1809  0.4479  0.6637  0.464  0.6711  0.684  0.3156  0.5711  0.7569
epoch:17 0.5596  0.789  0.6191  0.1591  0.4497  0.656  0.4603  0.6682  0.6832  0.3149  0.5794  0.7532
epoch:18 0.5678  0.7995  0.6273  0.1833  0.4531  0.6601  0.4614  0.6711  0.6856  0.3301  0.5839  0.7554
